start: 1522708106.208630
end: 1522708106.357002
