start: 1522708516.108081
end: 1522709843.418705
