start: 1522469026.218555
stop: 1522469097.028562
