start: 1522469027.886338
stop: 1522469045.798748
