start: 1522710095.802290
end: 1522710154.146856
