start: 1522469025.485200
stop: 1522469025.882631
