start: 1522469025.609098
stop: 1522469025.732074
