start: 1522708174.451102
end: 1522708176.710758
