start: 1522471260.870198
stop: 1522471307.748038
