start: 1522471280.640443
stop: 1522471293.932825
