start: 1522704021.564800
end: 1522704171.748391
