start: 1522469024.713422
stop: 1522469025.146941
