start: 1522469024.840917
stop: 1522469024.979851
