start: 1522469014.327292
stop: 1522469014.982940
