start: 1522469014.339669
stop: 1522469014.592217
