start: 1522727913.391453
end: 1522728441.816037
