start: 1522469016.120176
stop: 1522469023.057304
