start: 1522469016.247848
stop: 1522469018.187239
