start: 1522704000.116631
end: 1522704000.118834
