start: 1522704000.495707
end: 1522704000.515927
