start: 1522704003.574319
end: 1522704018.594779
