start: 1522469114.226328
stop: 1522469118.371837
