start: 1522469115.834108
stop: 1522469117.173353
