start: 1522708440.036002
end: 1522708446.109636
