start: 1522469013.999753
stop: 1522469014.009166
