start: 1522469013.998610
stop: 1522469014.003506
