start: 1522708077.886011
end: 1522708079.517282
