start: 1522709883.300436
end: 1522710057.030032
