start: 1522708473.789980
end: 1522708477.190558
