start: 1522708050.896814
end: 1522708051.045137
