start: 1522469013.266598
stop: 1522469013.274369
