start: 1522469013.265487
stop: 1522469013.268779
