start: 1522708133.314580
end: 1522708147.791057
