start: 1522471207.552904
stop: 1522471260.524379
