start: 1522471224.666017
stop: 1522471241.072823
