start: 1522708203.598267
end: 1522708204.159729
