start: 1522704197.164182
end: 1522705369.309853
