start: 1522710193.699437
end: 1522710230.400982
