start: 1522469023.397862
stop: 1522469024.380614
