start: 1522469023.497342
stop: 1522469023.904966
