start: 1522469097.388741
stop: 1522469108.774946
