start: 1522469099.336953
stop: 1522469102.160340
