start: 1522471083.464683
stop: 1522471207.183225
