start: 1522471100.951732
stop: 1522471131.133295
