start: 1522470314.867102
stop: 1522471082.975862
