start: 1522470336.894213
stop: 1522470524.838108
