start: 1522708232.172251
end: 1522708368.818854
