start: 1522728591.067792
end: 1522730046.158201
