start: 1522469013.607612
stop: 1522469013.674979
