start: 1522469013.600797
stop: 1522469013.619850
