start: 1522704000.919954
end: 1522704001.074301
