start: 1522727397.793165
end: 1522727756.802748
