start: 1522730198.739330
end: 1522742216.030672
