start: 1522704001.533382
end: 1522704003.044580
