start: 1522469109.111734
stop: 1522469113.884804
