start: 1522469110.683268
stop: 1522469112.212953
