start: 1522469015.751794
stop: 1522469015.800300
