start: 1522469015.762381
stop: 1522469015.777218
