start: 1522469015.312311
stop: 1522469015.410085
