start: 1522469015.322536
stop: 1522469015.358063
