start: 1522708396.527710
end: 1522708412.220757
